[gd_scene load_steps=10 format=3 uid="uid://bo1a11i38vuh7"]

[ext_resource type="Texture2D" uid="uid://dbgonf4pso6vy" path="res://assets/background/skybox/240528_Skybox3.png" id="1_5euls"]
[ext_resource type="PackedScene" uid="uid://bebiuwit13drx" path="res://scenes/player/Player.tscn" id="1_ui8tp"]
[ext_resource type="PackedScene" uid="uid://bjp645qfo1bca" path="res://assets/3d/environment/cargoContainer/CargoContainer2_0.0.1.blend" id="4_a6o8c"]
[ext_resource type="PackedScene" uid="uid://bs7c4ogbmpitr" path="res://assets/3d/environment/trash/TrashBin1_0.0.1.blend" id="6_0bo73"]
[ext_resource type="PackedScene" uid="uid://kkyhkbr4n0yc" path="res://assets/3d/environment/ground/Terrain_0.0.0.blend" id="6_d6dbx"]
[ext_resource type="PackedScene" uid="uid://bgkncs4c1pyel" path="res://assets/3d/environment/cargoContainer/CargoContainer1_0.0.1.blend" id="9_hq028"]

[sub_resource type="PanoramaSkyMaterial" id="PanoramaSkyMaterial_dka55"]
panorama = ExtResource("1_5euls")

[sub_resource type="Sky" id="Sky_6pnag"]
sky_material = SubResource("PanoramaSkyMaterial_dka55")

[sub_resource type="Environment" id="Environment_slfb0"]
background_mode = 2
background_color = Color(0.356863, 0.694118, 0.788235, 1)
background_energy_multiplier = 0.9
background_canvas_max_layer = 2
sky = SubResource("Sky_6pnag")
sky_rotation = Vector3(0, 2.26893, 0)
ambient_light_source = 2
ambient_light_color = Color(0.72549, 0.576471, 0.494118, 1)
ambient_light_sky_contribution = 0.25
ambient_light_energy = 0.3
reflected_light_source = 1
tonemap_mode = 2
tonemap_exposure = 1.1
tonemap_white = 0.9
glow_enabled = true

[node name="PrototypeScene01" type="Node3D"]

[node name="Lights" type="Node" parent="."]

[node name="WorldEnvironment" type="WorldEnvironment" parent="Lights"]
environment = SubResource("Environment_slfb0")

[node name="DirectionalLight3D" type="DirectionalLight3D" parent="Lights"]
transform = Transform3D(-0.547093, -0.724926, 0.418534, 1.47562e-08, 0.499998, 0.866027, -0.837072, 0.473797, -0.273545, 0, 0, 0)
light_color = Color(0.729412, 0.627451, 0.568627, 1)
light_energy = 2.2
shadow_enabled = true
shadow_blur = 1.5
directional_shadow_blend_splits = true
directional_shadow_max_distance = 200.0
sky_mode = 1

[node name="EnvironmentAssets" type="Node3D" parent="."]
transform = Transform3D(1, 0, 0, 0, 1, 0, 0, 0, 1, 0, 0.497866, 1.78814e-07)

[node name="Environment" type="Node3D" parent="."]

[node name="CargoContainer_0_0_1" parent="Environment" instance=ExtResource("9_hq028")]
transform = Transform3D(0.945825, 0, 0.324677, 0, 1, 0, -0.324677, 0, 0.945825, -20.865, 2.61657, 19.4471)

[node name="CargoContainer_0_0_13" parent="Environment" instance=ExtResource("9_hq028")]
transform = Transform3D(0.868882, 0, 0.495019, 0, 1, 0, -0.495019, 0, 0.868882, -12.325, 2.61657, 24.2863)

[node name="CargoContainer_0_0_3" parent="Environment" instance=ExtResource("9_hq028")]
transform = Transform3D(0.949841, 0, -0.312733, 0, 1, 0, 0.312733, 0, 0.949841, -20.9193, 2.61657, -10.9033)

[node name="CargoContainer_0_0_4" parent="Environment" instance=ExtResource("9_hq028")]
transform = Transform3D(0.877874, 0, -0.478891, 0, 1, 0, 0.478891, 0, 0.877874, -5.23713, 2.61657, -25.1241)

[node name="CargoContainer_0_0_5" parent="Environment" instance=ExtResource("9_hq028")]
transform = Transform3D(0.998097, 0, -0.0616583, 0, 1, 0, 0.0616583, 0, 0.998097, -13.4055, 2.61657, -19.0699)

[node name="CargoContainer_0_0_15" parent="Environment" instance=ExtResource("9_hq028")]
transform = Transform3D(0.758851, 0, -0.651264, 0, 1, 0, 0.651264, 0, 0.758851, -8.51042, 7.70281, -21.6839)

[node name="CargoContainer_0_0_6" parent="Environment" instance=ExtResource("9_hq028")]
transform = Transform3D(0.262848, -0.302299, -0.916257, -0.323964, 0.866864, -0.378939, 0.908822, 0.396438, 0.129919, 5.73773, 4.20242, -22.269)

[node name="CargoContainer_0_0_9" parent="Environment" instance=ExtResource("9_hq028")]
transform = Transform3D(-0.98542, 0.0720669, 0.154126, 0.0639193, 0.996315, -0.0571871, -0.157679, -0.0465017, -0.986395, 23.6885, 2.22797, -0.998342)

[node name="CargoContainer_0_0_11" parent="Environment" instance=ExtResource("9_hq028")]
transform = Transform3D(-0.453649, -0.0686421, 0.888533, -0.031213, 0.997641, 0.061135, -0.890634, -3.01068e-09, -0.454721, 14.9852, 2.18676, 24.4549)

[node name="CargoContainer_0_0_14" parent="Environment" instance=ExtResource("9_hq028")]
transform = Transform3D(0.14097, 0, 0.990014, 0, 1, 0, -0.990014, 0, 0.14097, -11.5949, 7.77191, 25.158)

[node name="CargoContainer_0_0_18" parent="Environment" instance=ExtResource("9_hq028")]
transform = Transform3D(0.529623, 0, -0.848233, 0, 1, 0, 0.848233, 0, 0.529623, -12.409, 12.901, -17.8665)

[node name="Terrain_0_0_0" parent="Environment" instance=ExtResource("6_d6dbx")]
transform = Transform3D(1, 0, 0, 0, 1, 0, 0, 0, 1, 0.0423512, -1.41739, -0.381099)

[node name="CargoContainer2_0_0_1" parent="Environment" instance=ExtResource("4_a6o8c")]
transform = Transform3D(0.14097, 0, 0.990014, 0, 1, 0, -0.990014, 0, 0.14097, -0.312602, 2.64363, 25.158)

[node name="CargoContainer2_0_0_2" parent="Environment" instance=ExtResource("4_a6o8c")]
transform = Transform3D(0.989478, 0, 0.144684, 0, 1, 0, -0.144684, 0, 0.989478, -23.9601, 2.61657, 4.43413)

[node name="CargoContainer2_0_0_3" parent="Environment" instance=ExtResource("4_a6o8c")]
transform = Transform3D(0.996299, 0, 0.085956, 0, 1, 0, -0.085956, 0, 0.996299, -22.2834, 7.77191, 15.4431)

[node name="CargoContainer2_0_0_4" parent="Environment" instance=ExtResource("4_a6o8c")]
transform = Transform3D(-0.589126, 0, -0.808041, 0, 1, 0, 0.808041, 0, -0.589126, 16.1064, 1.93567, -24.4319)

[node name="CargoContainer2_0_0_5" parent="Environment" instance=ExtResource("4_a6o8c")]
transform = Transform3D(-0.582403, -0.0732073, -0.809597, -0.112923, 0.993566, -0.00860876, 0.805019, 0.0864083, -0.586923, 19.4448, 1.78893, -15.0949)

[node name="CargoContainer2_0_0_6" parent="Environment" instance=ExtResource("4_a6o8c")]
transform = Transform3D(-0.929268, 8.19564e-08, 0.369406, 0.0361376, 0.995203, 0.0909066, -0.367634, 0.0978261, -0.924811, 25.5736, 2.36193, 13.0205)

[node name="CargoContainer2_0_0_7" parent="Environment" instance=ExtResource("4_a6o8c")]
transform = Transform3D(0.963355, 0, -0.26823, 0, 1, 0, 0.26823, 0, 0.963355, -17.7608, 7.70281, -17.4642)

[node name="Objects" type="Node" parent="."]

[node name="Player" parent="." instance=ExtResource("1_ui8tp")]
transform = Transform3D(1, 0, 0, 0, 1, 0, 0, 0, 1, 0, 0.497866, 0)

[node name="Skeleton3D" parent="Player/PlayerModel/Racoon_0_0_8/RacoonBones" index="0"]
bones/0/position = Vector3(-4.2693e-08, 0.740996, -0.898258)
bones/0/rotation = Quaternion(0.625742, 2.78961e-07, 2.23782e-07, 0.78003)
bones/1/position = Vector3(7.38027e-09, -0.0234377, -0.0103183)
bones/1/rotation = Quaternion(0.990266, 4.97788e-08, 3.54146e-07, -0.139191)
bones/1/scale = Vector3(1, 1, 1)
bones/2/rotation = Quaternion(0.105638, 8.62664e-14, 5.16092e-15, 0.994405)
bones/2/scale = Vector3(1, 1, 1)
bones/3/rotation = Quaternion(0.159961, -4.08369e-18, -1.00739e-18, 0.987123)
bones/3/scale = Vector3(1, 1, 1)
bones/4/scale = Vector3(1, 1, 1)
bones/5/scale = Vector3(1.06298, 1.06298, 1.06298)
bones/6/rotation = Quaternion(0.175743, -1.52561e-06, 2.72355e-07, 0.984436)
bones/6/scale = Vector3(0.907791, 0.907791, 0.907791)
bones/7/rotation = Quaternion(0.393033, 2.17474e-07, 1.06223e-07, 0.919524)
bones/7/scale = Vector3(0.972298, 0.972298, 0.972297)
bones/8/rotation = Quaternion(-0.160514, 1.29432e-06, -2.87024e-07, 0.987034)
bones/8/scale = Vector3(1.07097, 1.07097, 1.07097)
bones/9/rotation = Quaternion(0.317609, -1.23655e-06, 5.42976e-07, 0.948222)
bones/9/scale = Vector3(1, 1, 1)
bones/10/rotation = Quaternion(0.76367, 0.0715406, 0.105857, 0.632838)
bones/10/scale = Vector3(1, 1, 1)
bones/11/rotation = Quaternion(-0.275036, -0.0722194, 0.169513, 0.943613)
bones/11/scale = Vector3(1, 1, 0.999999)
bones/12/rotation = Quaternion(-0.481034, 0.0488716, 0.0194927, 0.875122)
bones/12/scale = Vector3(1, 1, 1)
bones/13/rotation = Quaternion(0.00984635, 0.993307, -0.114816, -0.00784297)
bones/13/scale = Vector3(1, 0.999999, 1)
bones/14/rotation = Quaternion(0.76367, -0.0715406, -0.105857, 0.632838)
bones/14/scale = Vector3(1, 1, 1)
bones/15/rotation = Quaternion(-0.275036, 0.0722194, -0.169513, 0.943613)
bones/15/scale = Vector3(1, 1, 0.999999)
bones/16/rotation = Quaternion(-0.481034, -0.0488716, -0.0194927, 0.875122)
bones/16/scale = Vector3(1, 1, 1)
bones/17/rotation = Quaternion(-0.00984635, 0.993307, -0.114816, 0.00784297)
bones/17/scale = Vector3(1, 0.999999, 1)
bones/18/rotation = Quaternion(0.547803, -0.0627639, 0.0993362, 0.828314)
bones/18/scale = Vector3(1, 1, 1)
bones/19/rotation = Quaternion(0.418449, -0.127125, -0.0260277, 0.898923)
bones/19/scale = Vector3(1, 1, 1)
bones/20/rotation = Quaternion(-0.522451, 0.0919164, -0.040316, 0.846741)
bones/20/scale = Vector3(1, 1, 1)
bones/21/rotation = Quaternion(-0.0312119, 0.923792, -0.378931, -0.0452288)
bones/21/scale = Vector3(0.999999, 1, 1)
bones/22/rotation = Quaternion(0.547803, 0.0627635, -0.0993358, 0.828315)
bones/22/scale = Vector3(1, 1, 1)
bones/23/rotation = Quaternion(0.418449, 0.127125, 0.0260277, 0.898923)
bones/23/scale = Vector3(1, 1, 1)
bones/24/rotation = Quaternion(-0.522451, -0.0919164, 0.040316, 0.846741)
bones/24/scale = Vector3(1, 1, 1)
bones/25/rotation = Quaternion(0.0312119, 0.923792, -0.378931, 0.0452288)
bones/25/scale = Vector3(1, 1, 1)
bones/26/rotation = Quaternion(-0.704777, 0.0573529, -0.0573529, 0.704777)
bones/26/scale = Vector3(1, 1, 1)
bones/27/position = Vector3(0.0419372, 0.62097, 0.307862)
bones/27/rotation = Quaternion(-0.706407, 0.0314573, -0.0314573, 0.706407)
bones/28/rotation = Quaternion(-0.704777, -0.0573529, 0.0573529, 0.704777)
bones/28/scale = Vector3(1, 1, 1)
bones/29/position = Vector3(-0.0419372, 0.62097, 0.307862)
bones/29/rotation = Quaternion(-0.706407, -0.0314573, 0.0314573, 0.706407)

[node name="TrashBin1_0_0_1" parent="." instance=ExtResource("6_0bo73")]
transform = Transform3D(0.706094, 0, 0.708118, 0, 1, 0, -0.708118, 0, 0.706094, 6.10459, 0.00671947, -1.29474)

[node name="TrashBin1_0_0_2" parent="." instance=ExtResource("6_0bo73")]
transform = Transform3D(0.502296, 0, 0.864696, 0, 1, 0, -0.864696, 0, 0.502296, 3.89651, 0.600025, 1.27893)

[node name="TrashBin1_0_0_10" parent="." instance=ExtResource("6_0bo73")]
transform = Transform3D(0.502296, 0, 0.864696, 0, 1, 0, -0.864696, 0, 0.502296, -15.8157, 0.22133, 1.56347)

[node name="TrashBin1_0_0_11" parent="." instance=ExtResource("6_0bo73")]
transform = Transform3D(0.502296, 0, 0.864696, 0, 1, 0, -0.864696, 0, 0.502296, -15.8157, 0.22133, 3.16376)

[node name="TrashBin1_0_0_12" parent="." instance=ExtResource("6_0bo73")]
transform = Transform3D(0.502296, 0, 0.864696, 0, 1, 0, -0.864696, 0, 0.502296, -15.8157, 0.22133, 4.77812)

[node name="TrashBin1_0_0_13" parent="." instance=ExtResource("6_0bo73")]
transform = Transform3D(0.502296, 0, 0.864696, 0, 1, 0, -0.864696, 0, 0.502296, -15.8157, 2.31111, 2.31342)

[node name="TrashBin1_0_0_14" parent="." instance=ExtResource("6_0bo73")]
transform = Transform3D(0.502296, 0, 0.864696, 0, 1, 0, -0.864696, 0, 0.502296, -15.8157, 2.31111, 3.92778)

[node name="TrashBin1_0_0_15" parent="." instance=ExtResource("6_0bo73")]
transform = Transform3D(0.502296, 0, 0.864696, 0, 1, 0, -0.864696, 0, 0.502296, -15.8206, 4.4178, 3.00227)

[node name="TrashBin1_0_0_3" parent="." instance=ExtResource("6_0bo73")]
transform = Transform3D(0.894115, 0, -0.447837, 0, 1, 0, 0.447837, 0, 0.894115, 9.56773, 0.00671947, -0.0998931)

[node name="TrashBin1_0_0_4" parent="." instance=ExtResource("6_0bo73")]
transform = Transform3D(1, 0, 0, 0, 1, 0, 0, 0, 1, 8.45955, 0.00671947, -1.70039)

[node name="TrashBin1_0_0_5" parent="." instance=ExtResource("6_0bo73")]
transform = Transform3D(-0.577986, 0, 0.816047, 0, 1, 0, -0.816047, 0, -0.577986, 15.1773, 0.00671947, -7.13057)

[node name="TrashBin1_0_0_6" parent="." instance=ExtResource("6_0bo73")]
transform = Transform3D(-0.931964, 0, -0.362552, 0, 1, 0, 0.362552, 0, -0.931964, 11.2907, 0.00671947, -9.25126)

[node name="TrashBin1_0_0_7" parent="." instance=ExtResource("6_0bo73")]
transform = Transform3D(0.779043, 0, 0.626971, 0, 1, 0, -0.626971, 0, 0.779043, 12.2907, 0.00671947, -5.25126)

[node name="TrashBin1_0_0_8" parent="." instance=ExtResource("6_0bo73")]
transform = Transform3D(-0.0106812, 0, 0.999943, 0, 1, 0, -0.999943, 0, -0.0106812, 13.2907, 0.00671947, -1.25126)

[node name="TrashBin1_0_0_9" parent="." instance=ExtResource("6_0bo73")]
transform = Transform3D(0.574463, -0.00344029, 0.818523, 0.00265944, 0.999994, 0.00233655, -0.818526, 0.000834576, 0.574469, 8.87532, 0.00671756, 3.56935)

[editable path="Player"]
[editable path="Player/PlayerModel/Racoon_0_0_8"]
