[gd_scene load_steps=12 format=3 uid="uid://bo1a11i38vuh7"]

[ext_resource type="Texture2D" uid="uid://dbgonf4pso6vy" path="res://assets/background/skybox/240528_Skybox3.png" id="1_5euls"]
[ext_resource type="PackedScene" uid="uid://bebiuwit13drx" path="res://scenes/player/Player.tscn" id="1_ui8tp"]
[ext_resource type="PackedScene" uid="uid://bjp645qfo1bca" path="res://assets/3d/environment/cargoContainer/CargoContainer2_0.0.1.blend" id="4_a6o8c"]
[ext_resource type="PackedScene" uid="uid://bs7c4ogbmpitr" path="res://assets/3d/environment/trash/TrashBin1_0.0.1.blend" id="6_0bo73"]
[ext_resource type="PackedScene" uid="uid://kkyhkbr4n0yc" path="res://assets/3d/environment/ground/Terrain_0.0.0.blend" id="6_d6dbx"]
[ext_resource type="PackedScene" uid="uid://qyayydq5k3ev" path="res://assets/3d/environment/trash/TrashLid1_0.0.3.blend" id="8_nrm0u"]
[ext_resource type="PackedScene" uid="uid://bgkncs4c1pyel" path="res://assets/3d/environment/cargoContainer/CargoContainer1_0.0.1.blend" id="9_hq028"]

[sub_resource type="PanoramaSkyMaterial" id="PanoramaSkyMaterial_dka55"]
panorama = ExtResource("1_5euls")

[sub_resource type="Sky" id="Sky_6pnag"]
sky_material = SubResource("PanoramaSkyMaterial_dka55")

[sub_resource type="Environment" id="Environment_slfb0"]
background_mode = 2
background_color = Color(0.356863, 0.694118, 0.788235, 1)
background_energy_multiplier = 0.9
background_canvas_max_layer = 2
sky = SubResource("Sky_6pnag")
sky_rotation = Vector3(0, 2.26893, 0)
ambient_light_source = 2
ambient_light_color = Color(0.72549, 0.576471, 0.494118, 1)
ambient_light_sky_contribution = 0.25
ambient_light_energy = 0.3
reflected_light_source = 1
tonemap_mode = 2
tonemap_exposure = 1.1
tonemap_white = 0.9
glow_enabled = true

[sub_resource type="BoxShape3D" id="BoxShape3D_isbym"]
size = Vector3(9.41797, 3.9989, 1)

[node name="PrototypeScene01" type="Node3D"]

[node name="Lights" type="Node" parent="."]

[node name="WorldEnvironment" type="WorldEnvironment" parent="Lights"]
environment = SubResource("Environment_slfb0")

[node name="DirectionalLight3D" type="DirectionalLight3D" parent="Lights"]
transform = Transform3D(-0.547093, -0.724926, 0.418534, 1.47562e-08, 0.499998, 0.866027, -0.837072, 0.473797, -0.273545, 0, 0, 0)
light_color = Color(0.729412, 0.627451, 0.568627, 1)
light_energy = 2.2
shadow_enabled = true
shadow_blur = 1.5
directional_shadow_mode = 0
directional_shadow_blend_splits = true
directional_shadow_max_distance = 40.0
directional_shadow_pancake_size = 3.5
sky_mode = 1

[node name="EnvironmentAssets" type="Node3D" parent="."]
transform = Transform3D(1, 0, 0, 0, 1, 0, 0, 0, 1, 0, 0.497866, 1.78814e-07)

[node name="Environment" type="Node3D" parent="."]

[node name="CargoContainer_0_0_1" parent="Environment" instance=ExtResource("9_hq028")]
transform = Transform3D(0.945825, 0, 0.324677, 0, 1, 0, -0.324677, 0, 0.945825, -20.865, 2.61657, 19.4471)

[node name="CargoContainer_0_0_13" parent="Environment" instance=ExtResource("9_hq028")]
transform = Transform3D(0.868882, 0, 0.495019, 0, 1, 0, -0.495019, 0, 0.868882, -12.325, 2.61657, 24.2863)

[node name="CargoContainer_0_0_3" parent="Environment" instance=ExtResource("9_hq028")]
transform = Transform3D(0.949841, 0, -0.312733, 0, 1, 0, 0.312733, 0, 0.949841, -20.9193, 2.61657, -10.9033)

[node name="CargoContainer_0_0_4" parent="Environment" instance=ExtResource("9_hq028")]
transform = Transform3D(0.877874, 0, -0.478891, 0, 1, 0, 0.478891, 0, 0.877874, -5.23713, 2.61657, -25.1241)

[node name="CargoContainer_0_0_5" parent="Environment" instance=ExtResource("9_hq028")]
transform = Transform3D(0.998097, 0, -0.0616583, 0, 1, 0, 0.0616583, 0, 0.998097, -13.4055, 2.61657, -19.0699)

[node name="CargoContainer_0_0_15" parent="Environment" instance=ExtResource("9_hq028")]
transform = Transform3D(0.758851, 0, -0.651264, 0, 1, 0, 0.651264, 0, 0.758851, -8.51042, 7.70281, -21.6839)

[node name="CargoContainer_0_0_6" parent="Environment" instance=ExtResource("9_hq028")]
transform = Transform3D(0.262848, -0.302299, -0.916257, -0.323964, 0.866864, -0.378939, 0.908822, 0.396438, 0.129919, 5.73773, 4.20242, -22.269)

[node name="CargoContainer_0_0_9" parent="Environment" instance=ExtResource("9_hq028")]
transform = Transform3D(-0.98542, 0.0720669, 0.154126, 0.0639193, 0.996315, -0.0571871, -0.157679, -0.0465017, -0.986395, 23.6885, 2.22797, -0.998342)

[node name="CargoContainer_0_0_11" parent="Environment" instance=ExtResource("9_hq028")]
transform = Transform3D(-0.453649, -0.0686421, 0.888533, -0.031213, 0.997641, 0.061135, -0.890634, -3.01068e-09, -0.454721, 14.9852, 2.18676, 24.4549)

[node name="CargoContainer_0_0_14" parent="Environment" instance=ExtResource("9_hq028")]
transform = Transform3D(0.14097, 0, 0.990014, 0, 1, 0, -0.990014, 0, 0.14097, -11.5949, 7.77191, 25.158)

[node name="CargoContainer_0_0_18" parent="Environment" instance=ExtResource("9_hq028")]
transform = Transform3D(0.529623, 0, -0.848233, 0, 1, 0, 0.848233, 0, 0.529623, -12.409, 12.901, -17.8665)

[node name="Terrain_0_0_0" parent="Environment" instance=ExtResource("6_d6dbx")]
transform = Transform3D(1, 0, 0, 0, 1, 0, 0, 0, 1, 0.0423512, -1.41739, -0.381099)

[node name="CargoContainer2_0_0_1" parent="Environment" instance=ExtResource("4_a6o8c")]
transform = Transform3D(0.14097, 0, 0.990014, 0, 1, 0, -0.990014, 0, 0.14097, -0.312602, 2.64363, 25.158)

[node name="CargoContainer2_0_0_2" parent="Environment" instance=ExtResource("4_a6o8c")]
transform = Transform3D(0.989478, 0, 0.144684, 0, 1, 0, -0.144684, 0, 0.989478, -23.9601, 2.61657, 4.43413)

[node name="CargoContainer2_0_0_3" parent="Environment" instance=ExtResource("4_a6o8c")]
transform = Transform3D(0.996299, 0, 0.085956, 0, 1, 0, -0.085956, 0, 0.996299, -22.2834, 7.77191, 15.4431)

[node name="CargoContainer2_0_0_4" parent="Environment" instance=ExtResource("4_a6o8c")]
transform = Transform3D(-0.589126, 0, -0.808041, 0, 1, 0, 0.808041, 0, -0.589126, 16.1064, 1.93567, -24.4319)

[node name="CargoContainer2_0_0_5" parent="Environment" instance=ExtResource("4_a6o8c")]
transform = Transform3D(-0.582403, -0.0732073, -0.809597, -0.112923, 0.993566, -0.00860876, 0.805019, 0.0864083, -0.586923, 19.4448, 1.78893, -15.0949)

[node name="CargoContainer2_0_0_6" parent="Environment" instance=ExtResource("4_a6o8c")]
transform = Transform3D(-0.929268, 8.19564e-08, 0.369406, 0.0361376, 0.995203, 0.0909066, -0.367634, 0.0978261, -0.924811, 25.5736, 2.36193, 13.0205)

[node name="CargoContainer2_0_0_7" parent="Environment" instance=ExtResource("4_a6o8c")]
transform = Transform3D(0.963355, 0, -0.26823, 0, 1, 0, 0.26823, 0, 0.963355, -17.7608, 7.70281, -17.4642)

[node name="InvisibleWall" type="StaticBody3D" parent="Environment"]
collision_mask = 15

[node name="CollisionShape3D" type="CollisionShape3D" parent="Environment/InvisibleWall"]
transform = Transform3D(0.99325, 0, 0.115995, 0, 1, 0, -0.115995, 0, 0.99325, 10.9912, 1.49945, -21.6671)
shape = SubResource("BoxShape3D_isbym")

[node name="InvisibleWall2" type="StaticBody3D" parent="Environment"]
collision_mask = 15

[node name="CollisionShape3D" type="CollisionShape3D" parent="Environment/InvisibleWall2"]
transform = Transform3D(0.99325, 0, 0.115995, 0, 1, 0, -0.115995, 0, 0.99325, -2.9813, 2.15373, -22.8449)
shape = SubResource("BoxShape3D_isbym")

[node name="InvisibleWall3" type="StaticBody3D" parent="Environment"]
collision_mask = 15

[node name="CollisionShape3D" type="CollisionShape3D" parent="Environment/InvisibleWall3"]
transform = Transform3D(0.341315, 0, 0.939949, 0, 1, 0, -0.939949, 0, 0.341315, -22.7082, 2.15373, -2.87499)
shape = SubResource("BoxShape3D_isbym")

[node name="InvisibleWall4" type="StaticBody3D" parent="Environment"]
collision_mask = 15

[node name="CollisionShape3D" type="CollisionShape3D" parent="Environment/InvisibleWall4"]
transform = Transform3D(-0.999791, 0, -0.0204541, 0, 1, 0, 0.0204541, 0, -0.999791, 7.28947, 2.15373, 25.1636)
shape = SubResource("BoxShape3D_isbym")

[node name="InvisibleWall5" type="StaticBody3D" parent="Environment"]
collision_mask = 15

[node name="CollisionShape3D" type="CollisionShape3D" parent="Environment/InvisibleWall5"]
transform = Transform3D(0.253269, 0, -0.967396, 0, 1, 0, 0.967396, 0, 0.253269, 24.8119, 2.15373, 5.93144)
shape = SubResource("BoxShape3D_isbym")

[node name="InvisibleWall6" type="StaticBody3D" parent="Environment"]
collision_mask = 15

[node name="CollisionShape3D" type="CollisionShape3D" parent="Environment/InvisibleWall6"]
transform = Transform3D(0.253269, 0, -0.967396, 0, 1, 0, 0.967396, 0, 0.253269, 23.6311, 2.15373, -8.00997)
shape = SubResource("BoxShape3D_isbym")

[node name="Objects" type="Node" parent="."]

[node name="TrashBin1_0_0_1" parent="." instance=ExtResource("6_0bo73")]
transform = Transform3D(0.706094, 0, 0.708118, 0, 1, 0, -0.708118, 0, 0.706094, 6.10459, 0.00671947, -1.29474)

[node name="TrashBin1_0_0_2" parent="." instance=ExtResource("6_0bo73")]
transform = Transform3D(0.502296, 0, 0.864696, 0, 1, 0, -0.864696, 0, 0.502296, 11.278, 0.600025, 1.27893)

[node name="TrashBin1_0_0_10" parent="." instance=ExtResource("6_0bo73")]
transform = Transform3D(0.502296, 0, 0.864696, 0, 1, 0, -0.864696, 0, 0.502296, -15.8157, 0.22133, 1.56347)

[node name="TrashBin1_0_0_11" parent="." instance=ExtResource("6_0bo73")]
transform = Transform3D(0.502296, 0, 0.864696, 0, 1, 0, -0.864696, 0, 0.502296, -15.8157, 0.22133, 3.16376)

[node name="TrashBin1_0_0_12" parent="." instance=ExtResource("6_0bo73")]
transform = Transform3D(0.502296, 0, 0.864696, 0, 1, 0, -0.864696, 0, 0.502296, -15.8157, 0.22133, 4.77812)

[node name="TrashBin1_0_0_13" parent="." instance=ExtResource("6_0bo73")]
transform = Transform3D(0.502296, 0, 0.864696, 0, 1, 0, -0.864696, 0, 0.502296, -15.8157, 2.31111, 2.31342)

[node name="TrashBin1_0_0_14" parent="." instance=ExtResource("6_0bo73")]
transform = Transform3D(0.502296, 0, 0.864696, 0, 1, 0, -0.864696, 0, 0.502296, -15.8157, 2.31111, 3.92778)

[node name="TrashBin1_0_0_15" parent="." instance=ExtResource("6_0bo73")]
transform = Transform3D(0.502296, 0, 0.864696, 0, 1, 0, -0.864696, 0, 0.502296, -15.8206, 4.4178, 3.00227)

[node name="TrashBin1_0_0_3" parent="." instance=ExtResource("6_0bo73")]
transform = Transform3D(0.894115, 0, -0.447837, 0, 1, 0, 0.447837, 0, 0.894115, 9.56773, 0.00671947, -0.0998931)

[node name="TrashBin1_0_0_4" parent="." instance=ExtResource("6_0bo73")]
transform = Transform3D(1, 0, 0, 0, 1, 0, 0, 0, 1, 8.45955, 0.00671947, -1.70039)

[node name="TrashBin1_0_0_5" parent="." instance=ExtResource("6_0bo73")]
transform = Transform3D(-0.577986, 0, 0.816047, 0, 1, 0, -0.816047, 0, -0.577986, 15.1773, 0.00671947, -7.13057)

[node name="TrashBin1_0_0_6" parent="." instance=ExtResource("6_0bo73")]
transform = Transform3D(-0.931964, 0, -0.362552, 0, 1, 0, 0.362552, 0, -0.931964, 11.2907, 0.00671947, -9.25126)

[node name="TrashBin1_0_0_7" parent="." instance=ExtResource("6_0bo73")]
transform = Transform3D(0.779043, 0, 0.626971, 0, 1, 0, -0.626971, 0, 0.779043, 12.2907, 0.00671947, -5.25126)

[node name="TrashBin1_0_0_8" parent="." instance=ExtResource("6_0bo73")]
transform = Transform3D(-0.0106812, 0, 0.999943, 0, 1, 0, -0.999943, 0, -0.0106812, 13.2907, 0.00671947, -1.25126)

[node name="TrashBin1_0_0_9" parent="." instance=ExtResource("6_0bo73")]
transform = Transform3D(0.574463, -0.00344029, 0.818523, 0.00265944, 0.999994, 0.00233655, -0.818526, 0.000834576, 0.574469, 8.87532, 0.00671756, 3.56935)

[node name="TrashBinWithLid1_0_0_1" parent="." instance=ExtResource("8_nrm0u")]
transform = Transform3D(0.933049, 0.00117552, -0.0917217, -0.00125282, 0.880999, 3.14448e-05, 0.0859432, 8.04567e-05, 0.995785, 8.93239, 2.0738, 3.43633)

[node name="TrashBinWithLid1_0_0_4" parent="." instance=ExtResource("8_nrm0u")]
transform = Transform3D(0.892929, 0.00111414, 0.303074, -0.00125282, 0.880999, 3.14448e-05, -0.28398, -0.000383404, 0.952967, 11.3871, 2.52817, 1.00036)

[node name="TrashBinWithLid1_0_0_5" parent="." instance=ExtResource("8_nrm0u")]
transform = Transform3D(0.525945, 0.000684116, -0.827607, -0.00125282, 0.880999, 3.14448e-05, 0.775467, 0.000959323, 0.561309, 9.65125, 2.52817, -0.0315616)

[node name="TrashBinWithLid1_0_0_6" parent="." instance=ExtResource("8_nrm0u")]
transform = Transform3D(-0.106012, -0.000160797, 0.993579, -0.00125282, 0.880999, 3.14448e-05, -0.930983, -0.00116724, -0.11314, 8.53285, 2.52817, -1.56405)

[node name="TrashBinWithLid1_0_0_7" parent="." instance=ExtResource("8_nrm0u")]
transform = Transform3D(0.933049, 0.00117552, -0.0917217, -0.00125282, 0.880999, 3.14448e-05, 0.0859432, 8.04567e-05, 0.995785, 6.07376, 2.52817, -1.32874)

[node name="TrashBinWithLid1_0_0_8" parent="." instance=ExtResource("8_nrm0u")]
transform = Transform3D(0.933049, 0.00117552, -0.0917217, -0.00125282, 0.880999, 3.14448e-05, 0.0859432, 8.04567e-05, 0.995785, 13.4371, 2.52817, -1.31942)

[node name="TrashBinWithLid1_0_0_9" parent="." instance=ExtResource("8_nrm0u")]
transform = Transform3D(0.775439, 0.000959287, 0.561352, -0.00125282, 0.880999, 3.14448e-05, -0.525986, -0.000684166, 0.827577, 12.2915, 2.52817, -5.15801)

[node name="TrashBinWithLid1_0_0_10" parent="." instance=ExtResource("8_nrm0u")]
transform = Transform3D(0.933049, 0.00117552, -0.0917217, -0.00125282, 0.880999, 3.14448e-05, 0.0859432, 8.04567e-05, 0.995785, 15.233, 2.52817, -7.43869)

[node name="TrashBinWithLid1_0_0_11" parent="." instance=ExtResource("8_nrm0u")]
transform = Transform3D(0.933049, 0.00117552, -0.0917217, -0.00125282, 0.880999, 3.14448e-05, 0.0859432, 8.04567e-05, 0.995785, 11.1194, 2.52817, -9.57273)

[node name="Player" parent="." instance=ExtResource("1_ui8tp")]
transform = Transform3D(1, 0, 0, 0, 1, 0, 0, 0, 1, 0.75765, 0.514192, 1.05447)
